100 90000 1.05721
600 90000 1.0723
1100 90000 1.07091
1600 90000 1.07039
2100 90000 1.07012
2600 90000 1.06995
3100 90000 1.06984
3600 90000 1.06976
4100 90000 1.0697
4600 90000 1.07031
5100 90000 1.07021
5600 90000 1.07012
6100 90000 1.07005
6600 90000 1.06999
7100 90000 1.06994
7600 90000 1.06989
8100 90000 1.06985
8600 90000 1.07017
9100 90000 1.07012
9600 90000 1.07008
10100 90000 1.07003
10600 90000 1.07
11100 90000 1.06996
11600 90000 1.06993
12100 90000 1.06991
12600 90000 1.07012
13100 90000 1.07009
13600 90000 1.07006
14100 90000 1.07003
14600 90000 1.07
15100 90000 1.06998
15600 90000 1.06995
16100 90000 1.06993
16600 90000 1.06991
17100 90000 1.07007
17600 90000 1.07005
18100 90000 1.07002
18600 90000 1.07
19100 90000 1.06998
19600 90000 1.06997
20100 90000 1.06995
20600 90000 1.06993
21100 90000 1.07006
21600 90000 1.07004
22100 90000 1.07002
22600 90000 1.07001
23100 90000 1.06999
23600 90000 1.06997
24100 90000 1.06996
24600 90000 1.06994
25100 90000 1.07005
25600 90000 1.07004
26100 90000 1.07002
26600 90000 1.07001
27100 90000 1.06999
27600 90000 1.06998
28100 90000 1.06997
28600 90000 1.06995
29100 90000 1.07005
29600 90000 1.07003
30100 90000 1.07002
30600 90000 1.07001
31100 90000 1.06999
31600 90000 1.06998
32100 90000 1.06997
32600 90000 1.06996
33100 90000 1.07004
33600 90000 1.07003
34100 90000 1.07002
34600 90000 1.07001
35100 90000 1.07
35600 90000 1.06999
36100 90000 1.06998
36600 90000 1.06997
37100 90000 1.07004
37600 90000 1.07003
38100 90000 1.07002
38600 90000 1.07001
39100 90000 1.07
39600 90000 1.06999
40100 90000 1.06998
40600 90000 1.06997
41100 90000 1.07004
41600 90000 1.07003
42100 90000 1.07002
42600 90000 1.07001
43100 90000 1.07
43600 90000 1.06999
44100 90000 1.06998
44600 90000 1.06997
45100 90000 1.06997
45600 90000 1.07003
46100 90000 1.07002
46600 90000 1.07001
47100 90000 1.07
47600 90000 1.06999
48100 90000 1.06998
48600 90000 1.06998
49100 90000 1.06997
49600 90000 1.07002
50100 90000 1.07002
50600 90000 1.07001
51100 90000 1.07
51600 90000 1.06999
52100 90000 1.06999
52600 90000 1.06998
53100 90000 1.06997
53600 90000 1.07002
54100 90000 1.07002
54600 90000 1.07001
55100 90000 1.07
55600 90000 1.07
56100 90000 1.06999
56600 90000 1.06998
57100 90000 1.06998
57600 90000 1.07002
58100 90000 1.07002
58600 90000 1.07001
59100 90000 1.07
59600 90000 1.07
60100 90000 1.06999
60600 90000 1.06998
61100 90000 1.06998
61600 90000 1.07002
62100 90000 1.07002
62600 90000 1.07001
63100 90000 1.07
63600 90000 1.07
64100 90000 1.06999
64600 90000 1.06999
65100 90000 1.06998
65600 90000 1.07002
66100 90000 1.07002
66600 90000 1.07001
67100 90000 1.07
67600 90000 1.07
68100 90000 1.06999
68600 90000 1.06999
69100 90000 1.06998
69600 90000 1.07002
70100 90000 1.07002
70600 90000 1.07001
71100 90000 1.07
71600 90000 1.07
72100 90000 1.06999
72600 90000 1.06999
73100 90000 1.06998
73600 90000 1.07002
74100 90000 1.07001
74600 90000 1.07001
75100 90000 1.07
75600 90000 1.07
76100 90000 1.06999
76600 90000 1.06999
77100 90000 1.06999
77600 90000 1.06998
78100 90000 1.07001
78600 90000 1.07001
79100 90000 1.07001
79600 90000 1.07
80100 90000 1.07
80600 90000 1.06999
81100 90000 1.06999
81600 90000 1.06998
82100 90000 1.07001
82600 90000 1.07001
83100 90000 1.07001
83600 90000 1.07
84100 90000 1.07
84600 90000 1.06999
85100 90000 1.06999
85600 90000 1.06998
86100 90000 1.07001
86600 90000 1.07001
87100 90000 1.07001
87600 90000 1.07
88100 90000 1.07
88600 90000 1.06999
89100 90000 1.06999
89600 90000 1.06998
